[gd_scene load_steps=42 format=2]

[ext_resource path="res://Models/Players/Sonic.glb" type="PackedScene" id=1]
[ext_resource path="res://Models/Players/SonicTexture.material" type="Material" id=2]
[ext_resource path="res://Scripts/Players/Sonic.gd" type="Script" id=3]
[ext_resource path="res://SoundEffects/Players/DropDash.wav" type="AudioStream" id=4]
[ext_resource path="res://SoundEffects/Players/SpindashRev.wav" type="AudioStream" id=5]
[ext_resource path="res://SoundEffects/Players/SpindashRelease.wav" type="AudioStream" id=6]
[ext_resource path="res://SoundEffects/Players/Jump.wav" type="AudioStream" id=7]
[ext_resource path="res://SoundEffects/Players/Death.wav" type="AudioStream" id=8]
[ext_resource path="res://SoundEffects/Players/Roll.wav" type="AudioStream" id=9]
[ext_resource path="res://SoundEffects/Players/Skid.wav" type="AudioStream" id=10]
[ext_resource path="res://SoundEffects/Players/RingLoss.wav" type="AudioStream" id=11]
[ext_resource path="res://SoundEffects/Players/Spike.wav" type="AudioStream" id=12]

[sub_resource type="ArrayMesh" id=26]
resource_name = "Sonic_Grp0"
surfaces/0 = {
"aabb": AABB( -2.65, 4.06872, -1.44, 4.16, 2.88, 2.88 ),
"array_data": PoolByteArray( 61, 10, 151, 191, 115, 30, 156, 64, 69, 184, 30, 191, 227, 190, 77, 52, 162, 40, 135, 40, 1, 8, 25, 32, 214, 164, 53, 45, 249, 22, 249, 22, 246, 40, 188, 191, 46, 61, 169, 64, 143, 75, 103, 53, 227, 190, 77, 52, 136, 32, 28, 32, 1, 2, 8, 0, 162, 169, 29, 54, 15, 20, 47, 12, 154, 153, 41, 192, 23, 143, 169, 64, 208, 163, 144, 191, 227, 190, 77, 52, 136, 32, 135, 40, 1, 8, 9, 2, 253, 88, 209, 71, 228, 63, 75, 31, 246, 40, 188, 191, 46, 61, 169, 64, 143, 75, 103, 53, 164, 208, 218, 107, 162, 40, 135, 40, 1, 2, 8, 0, 162, 169, 29, 54, 15, 20, 47, 12, 61, 10, 151, 191, 115, 30, 156, 64, 69, 184, 30, 191, 164, 208, 218, 107, 136, 32, 28, 32, 1, 8, 25, 32, 214, 164, 53, 45, 249, 22, 249, 22, 61, 10, 151, 191, 138, 204, 147, 64, 91, 254, 73, 53, 164, 208, 218, 107, 136, 32, 135, 40, 1, 0, 25, 32, 56, 97, 14, 90, 92, 34, 92, 34, 154, 153, 153, 191, 97, 112, 204, 64, 124, 179, 139, 53, 200, 89, 50, 82, 162, 40, 135, 40, 2, 1, 8, 14, 173, 170, 79, 31, 245, 29, 13, 24, 102, 102, 230, 190, 86, 153, 208, 64, 165, 71, 129, 191, 200, 89, 50, 82, 136, 32, 28, 32, 8, 14, 2, 0, 151, 254, 205, 0, 154, 0, 0, 0, 154, 153, 41, 192, 23, 143, 169, 64, 208, 163, 144, 191, 200, 89, 50, 82, 136, 32, 135, 40, 1, 8, 9, 2, 253, 88, 209, 71, 228, 63, 75, 31, 154, 153, 153, 191, 97, 112, 204, 64, 124, 179, 139, 53, 143, 71, 89, 101, 162, 40, 135, 40, 2, 1, 8, 14, 173, 170, 79, 31, 245, 29, 13, 24, 246, 40, 188, 191, 46, 61, 169, 64, 143, 75, 103, 53, 143, 71, 89, 101, 136, 32, 28, 32, 1, 2, 8, 0, 162, 169, 29, 54, 15, 20, 47, 12, 154, 153, 41, 192, 25, 143, 169, 64, 222, 163, 144, 63, 143, 71, 89, 101, 136, 32, 135, 40, 1, 2, 8, 19, 20, 200, 229, 42, 133, 7, 127, 5, 236, 81, 152, 191, 46, 61, 169, 64, 24, 215, 99, 63, 209, 23, 204, 22, 162, 40, 135, 40, 1, 2, 19, 20, 47, 147, 14, 82, 87, 15, 105, 11, 174, 71, 225, 190, 107, 71, 176, 64, 244, 81, 184, 63, 209, 23, 204, 22, 136, 32, 28, 32, 2, 1, 19, 20, 90, 198, 114, 26, 118, 18, 187, 12, 102, 102, 230, 190, 86, 153, 208, 64, 183, 71, 129, 63, 209, 23, 204, 22, 136, 32, 135, 40, 2, 14, 1, 0, 42, 240, 189, 12, 22, 3, 0, 0, 31, 133, 235, 190, 250, 9, 222, 64, 85, 186, 151, 53, 188, 83, 72, 90, 162, 40, 135, 40, 14, 2, 8, 0, 70, 211, 207, 27, 232, 16, 0, 0, 102, 102, 230, 190, 86, 153, 208, 64, 165, 71, 129, 191, 188, 83, 72, 90, 136, 32, 28, 32, 8, 14, 2, 0, 151, 254, 205, 0, 154, 0, 0, 0, 154, 153, 153, 191, 97, 112, 204, 64, 124, 179, 139, 53, 188, 83, 72, 90, 136, 32, 135, 40, 2, 1, 8, 14, 173, 170, 79, 31, 245, 29, 13, 24, 154, 153, 41, 192, 25, 143, 169, 64, 222, 163, 144, 63, 196, 159, 179, 74, 162, 40, 135, 40, 1, 2, 8, 19, 20, 200, 229, 42, 133, 7, 127, 5, 246, 40, 188, 191, 46, 61, 169, 64, 143, 75, 103, 53, 196, 159, 179, 74, 136, 32, 28, 32, 1, 2, 8, 0, 162, 169, 29, 54, 15, 20, 47, 12, 61, 10, 151, 191, 117, 30, 156, 64, 95, 184, 30, 63, 196, 159, 179, 74, 136, 32, 135, 40, 1, 2, 19, 0, 18, 162, 180, 47, 41, 24, 15, 22, 102, 102, 230, 190, 86, 153, 208, 64, 165, 71, 129, 191, 153, 79, 52, 104, 162, 40, 135, 40, 8, 14, 2, 0, 151, 254, 205, 0, 154, 0, 0, 0, 174, 71, 225, 190, 107, 71, 176, 64, 228, 81, 184, 191, 153, 79, 52, 104, 136, 32, 28, 32, 8, 1, 25, 32, 174, 214, 28, 24, 153, 8, 153, 8, 236, 81, 152, 191, 46, 61, 169, 64, 252, 214, 99, 191, 153, 79, 52, 104, 136, 32, 135, 40, 1, 8, 2, 9, 112, 133, 46, 99, 0, 12, 96, 11, 154, 153, 41, 192, 25, 143, 169, 64, 222, 163, 144, 63, 219, 70, 206, 44, 162, 40, 135, 40, 1, 2, 8, 19, 20, 200, 229, 42, 133, 7, 127, 5, 102, 102, 230, 190, 86, 153, 208, 64, 183, 71, 129, 63, 219, 70, 206, 44, 136, 32, 28, 32, 2, 14, 1, 0, 42, 240, 189, 12, 22, 3, 0, 0, 154, 153, 153, 191, 97, 112, 204, 64, 124, 179, 139, 53, 219, 70, 206, 44, 136, 32, 135, 40, 2, 1, 8, 14, 173, 170, 79, 31, 245, 29, 13, 24, 154, 153, 41, 192, 23, 143, 169, 64, 208, 163, 144, 191, 201, 13, 167, 25, 162, 40, 135, 40, 1, 8, 9, 2, 253, 88, 209, 71, 228, 63, 75, 31, 246, 40, 188, 191, 46, 61, 169, 64, 143, 75, 103, 53, 201, 13, 167, 25, 136, 32, 28, 32, 1, 2, 8, 0, 162, 169, 29, 54, 15, 20, 47, 12, 154, 153, 153, 191, 97, 112, 204, 64, 124, 179, 139, 53, 201, 13, 167, 25, 136, 32, 135, 40, 2, 1, 8, 14, 173, 170, 79, 31, 245, 29, 13, 24, 61, 10, 151, 191, 138, 204, 147, 64, 91, 254, 73, 53, 178, 222, 38, 19, 162, 40, 135, 40, 1, 0, 25, 32, 56, 97, 14, 90, 92, 34, 92, 34, 61, 10, 151, 191, 117, 30, 156, 64, 95, 184, 30, 63, 178, 222, 38, 19, 136, 32, 28, 32, 1, 2, 19, 0, 18, 162, 180, 47, 41, 24, 15, 22, 246, 40, 188, 191, 46, 61, 169, 64, 143, 75, 103, 53, 178, 222, 38, 19, 136, 32, 135, 40, 1, 2, 8, 0, 162, 169, 29, 54, 15, 20, 47, 12, 154, 153, 153, 191, 97, 112, 204, 64, 124, 179, 139, 53, 213, 58, 184, 36, 162, 40, 135, 40, 2, 1, 8, 14, 173, 170, 79, 31, 245, 29, 13, 24, 102, 102, 230, 190, 86, 153, 208, 64, 183, 71, 129, 63, 213, 58, 184, 36, 136, 32, 28, 32, 2, 14, 1, 0, 42, 240, 189, 12, 22, 3, 0, 0, 31, 133, 235, 190, 250, 9, 222, 64, 85, 186, 151, 53, 213, 58, 184, 36, 136, 32, 135, 40, 14, 2, 8, 0, 70, 211, 207, 27, 232, 16, 0, 0, 154, 153, 41, 192, 23, 143, 169, 64, 208, 163, 144, 191, 100, 143, 204, 31, 162, 40, 28, 32, 1, 8, 9, 2, 253, 88, 209, 71, 228, 63, 75, 31, 236, 81, 152, 191, 46, 61, 169, 64, 252, 214, 99, 191, 100, 143, 211, 29, 136, 32, 135, 40, 1, 8, 2, 9, 112, 133, 46, 99, 0, 12, 96, 11, 61, 10, 151, 191, 115, 30, 156, 64, 69, 184, 30, 191, 100, 143, 6, 17, 162, 40, 135, 40, 1, 8, 25, 32, 214, 164, 53, 45, 249, 22, 249, 22, 102, 102, 230, 190, 86, 153, 208, 64, 165, 71, 129, 191, 100, 143, 174, 41, 136, 32, 28, 32, 8, 14, 2, 0, 151, 254, 205, 0, 154, 0, 0, 0, 102, 102, 230, 190, 86, 153, 208, 64, 165, 71, 129, 191, 167, 126, 38, 1, 136, 32, 28, 32, 8, 14, 2, 0, 151, 254, 205, 0, 154, 0, 0, 0, 215, 163, 240, 62, 84, 153, 176, 64, 228, 81, 184, 191, 167, 126, 38, 1, 162, 40, 135, 40, 8, 1, 25, 32, 231, 201, 51, 29, 114, 12, 114, 12, 174, 71, 225, 190, 107, 71, 176, 64, 228, 81, 184, 191, 167, 126, 38, 1, 162, 40, 28, 32, 8, 1, 25, 32, 174, 214, 28, 24, 153, 8, 153, 8, 31, 133, 235, 62, 66, 235, 208, 64, 165, 71, 129, 191, 167, 126, 38, 1, 136, 32, 135, 40, 8, 14, 2, 1, 252, 226, 230, 18, 13, 8, 15, 2, 215, 163, 240, 62, 84, 153, 176, 64, 228, 81, 184, 191, 100, 87, 38, 1, 162, 40, 28, 32, 8, 1, 25, 32, 231, 201, 51, 29, 114, 12, 114, 12, 113, 61, 138, 63, 127, 245, 199, 64, 55, 225, 58, 191, 100, 87, 38, 1, 136, 32, 135, 40, 8, 2, 1, 0, 153, 162, 164, 38, 116, 32, 76, 22, 31, 133, 139, 63, 86, 153, 176, 64, 176, 30, 133, 191, 100, 87, 38, 1, 162, 40, 135, 40, 8, 1, 0, 2, 115, 98, 53, 98, 59, 45, 27, 14, 31, 133, 235, 62, 66, 235, 208, 64, 165, 71, 129, 191, 100, 87, 38, 1, 136, 32, 28, 32, 8, 14, 2, 1, 252, 226, 230, 18, 13, 8, 15, 2, 31, 133, 235, 190, 250, 9, 222, 64, 85, 186, 151, 53, 219, 126, 89, 1, 136, 32, 28, 32, 14, 2, 8, 0, 70, 211, 207, 27, 232, 16, 0, 0, 31, 133, 235, 62, 66, 235, 208, 64, 165, 71, 129, 191, 219, 126, 89, 1, 162, 40, 135, 40, 8, 14, 2, 1, 252, 226, 230, 18, 13, 8, 15, 2, 102, 102, 230, 190, 86, 153, 208, 64, 165, 71, 129, 191, 219, 126, 89, 1, 162, 40, 28, 32, 8, 14, 2, 0, 151, 254, 205, 0, 154, 0, 0, 0, 31, 133, 235, 62, 230, 91, 222, 64, 80, 242, 151, 53, 219, 126, 89, 1, 136, 32, 135, 40, 14, 2, 8, 0, 33, 183, 165, 45, 55, 27, 0, 0, 31, 133, 235, 62, 66, 235, 208, 64, 165, 71, 129, 191, 65, 87, 167, 1, 162, 40, 28, 32, 8, 14, 2, 1, 252, 226, 230, 18, 13, 8, 15, 2, 113, 61, 138, 63, 23, 143, 209, 64, 36, 51, 143, 53, 65, 87, 89, 1, 136, 32, 135, 40, 2, 14, 8, 0, 220, 140, 126, 52, 62, 43, 102, 19, 113, 61, 138, 63, 127, 245, 199, 64, 55, 225, 58, 191, 65, 87, 167, 1, 162, 40, 135, 40, 8, 2, 1, 0, 153, 162, 164, 38, 116, 32, 76, 22, 31, 133, 235, 62, 230, 91, 222, 64, 80, 242, 151, 53, 65, 87, 89, 1, 136, 32, 28, 32, 14, 2, 8, 0, 33, 183, 165, 45, 55, 27, 0, 0, 113, 61, 138, 63, 127, 245, 199, 64, 55, 225, 58, 191, 89, 37, 19, 39, 20, 54, 16, 52, 8, 2, 1, 0, 153, 162, 164, 38, 116, 32, 76, 22, 113, 61, 138, 63, 127, 245, 199, 64, 89, 225, 58, 63, 89, 37, 19, 39, 132, 54, 128, 52, 2, 0, 1, 14, 107, 184, 30, 31, 96, 25, 21, 15, 174, 71, 193, 63, 66, 235, 176, 64, 142, 202, 113, 53, 89, 37, 22, 36, 132, 54, 16, 52, 0, 1, 2, 8, 95, 110, 228, 93, 221, 30, 221, 20, 113, 61, 138, 63, 23, 143, 209, 64, 36, 51, 143, 53, 89, 37, 12, 48, 20, 54, 128, 52, 2, 14, 8, 0, 220, 140, 126, 52, 62, 43, 102, 19, 31, 133, 235, 62, 66, 235, 208, 64, 183, 71, 129, 63, 0, 89, 167, 126, 136, 32, 135, 40, 2, 14, 0, 0, 242, 241, 12, 14, 0, 0, 0, 0, 31, 133, 235, 190, 250, 9, 222, 64, 85, 186, 151, 53, 0, 89, 167, 126, 162, 40, 28, 32, 14, 2, 8, 0, 70, 211, 207, 27, 232, 16, 0, 0, 102, 102, 230, 190, 86, 153, 208, 64, 183, 71, 129, 63, 0, 89, 167, 126, 136, 32, 28, 32, 2, 14, 1, 0, 42, 240, 189, 12, 22, 3, 0, 0, 31, 133, 235, 62, 230, 91, 222, 64, 80, 242, 151, 53, 0, 89, 167, 126, 162, 40, 135, 40, 14, 2, 8, 0, 33, 183, 165, 45, 55, 27, 0, 0, 113, 61, 138, 63, 23, 143, 209, 64, 36, 51, 143, 53, 39, 61, 167, 126, 162, 40, 135, 40, 2, 14, 8, 0, 220, 140, 126, 52, 62, 43, 102, 19, 31, 133, 235, 62, 66, 235, 208, 64, 183, 71, 129, 63, 39, 61, 89, 126, 136, 32, 28, 32, 2, 14, 0, 0, 242, 241, 12, 14, 0, 0, 0, 0, 113, 61, 138, 63, 127, 245, 199, 64, 89, 225, 58, 63, 39, 61, 89, 126, 136, 32, 135, 40, 2, 0, 1, 14, 107, 184, 30, 31, 96, 25, 21, 15, 31, 133, 235, 62, 230, 91, 222, 64, 80, 242, 151, 53, 39, 61, 167, 126, 162, 40, 28, 32, 14, 2, 8, 0, 33, 183, 165, 45, 55, 27, 0, 0, 236, 81, 152, 191, 46, 61, 169, 64, 24, 215, 99, 63, 13, 230, 45, 97, 162, 40, 135, 40, 1, 2, 19, 20, 47, 147, 14, 82, 87, 15, 105, 11, 154, 153, 41, 192, 25, 143, 169, 64, 222, 163, 144, 63, 13, 230, 52, 95, 136, 32, 28, 32, 1, 2, 8, 19, 20, 200, 229, 42, 133, 7, 127, 5, 61, 10, 151, 191, 117, 30, 156, 64, 95, 184, 30, 63, 13, 230, 250, 109, 136, 32, 135, 40, 1, 2, 19, 0, 18, 162, 180, 47, 41, 24, 15, 22, 102, 102, 230, 190, 86, 153, 208, 64, 183, 71, 129, 63, 13, 230, 82, 85, 162, 40, 28, 32, 2, 14, 1, 0, 42, 240, 189, 12, 22, 3, 0, 0, 215, 163, 240, 62, 86, 153, 176, 64, 244, 81, 184, 63, 0, 37, 218, 126, 136, 32, 135, 40, 2, 0, 19, 1, 76, 187, 56, 24, 35, 24, 85, 20, 102, 102, 230, 190, 86, 153, 208, 64, 183, 71, 129, 63, 0, 37, 218, 126, 162, 40, 28, 32, 2, 14, 1, 0, 42, 240, 189, 12, 22, 3, 0, 0, 174, 71, 225, 190, 107, 71, 176, 64, 244, 81, 184, 63, 0, 37, 218, 126, 136, 32, 28, 32, 2, 1, 19, 20, 90, 198, 114, 26, 118, 18, 187, 12, 31, 133, 235, 62, 66, 235, 208, 64, 183, 71, 129, 63, 0, 37, 218, 126, 162, 40, 135, 40, 2, 14, 0, 0, 242, 241, 12, 14, 0, 0, 0, 0, 113, 61, 138, 63, 127, 245, 199, 64, 89, 225, 58, 63, 39, 26, 218, 126, 162, 40, 135, 40, 2, 0, 1, 14, 107, 184, 30, 31, 96, 25, 21, 15, 215, 163, 240, 62, 86, 153, 176, 64, 244, 81, 184, 63, 39, 26, 218, 126, 136, 32, 28, 32, 2, 0, 19, 1, 76, 187, 56, 24, 35, 24, 85, 20, 31, 133, 139, 63, 86, 153, 176, 64, 192, 30, 133, 63, 39, 26, 218, 126, 136, 32, 135, 40, 0, 2, 1, 19, 11, 91, 249, 80, 158, 68, 91, 15, 31, 133, 235, 62, 66, 235, 208, 64, 183, 71, 129, 63, 39, 26, 218, 126, 162, 40, 28, 32, 2, 14, 0, 0, 242, 241, 12, 14, 0, 0, 0, 0, 174, 71, 193, 63, 66, 235, 176, 64, 142, 202, 113, 53, 89, 1, 61, 9, 132, 54, 16, 52, 0, 1, 2, 8, 95, 110, 228, 93, 221, 30, 221, 20, 31, 133, 139, 63, 86, 153, 176, 64, 192, 30, 133, 63, 89, 1, 61, 9, 20, 54, 128, 52, 0, 2, 1, 19, 11, 91, 249, 80, 158, 68, 91, 15, 205, 204, 140, 63, 46, 61, 153, 64, 85, 225, 58, 63, 89, 1, 43, 6, 132, 54, 128, 52, 0, 19, 2, 1, 10, 145, 165, 53, 212, 28, 122, 28, 113, 61, 138, 63, 127, 245, 199, 64, 89, 225, 58, 63, 89, 1, 76, 11, 20, 54, 16, 52, 2, 0, 1, 14, 107, 184, 30, 31, 96, 25, 21, 15, 174, 71, 225, 190, 107, 71, 176, 64, 244, 81, 184, 63, 217, 227, 255, 105, 162, 40, 135, 40, 2, 1, 19, 20, 90, 198, 114, 26, 118, 18, 187, 12, 61, 10, 151, 191, 117, 30, 156, 64, 95, 184, 30, 63, 217, 227, 0, 105, 136, 32, 28, 32, 1, 2, 19, 0, 18, 162, 180, 47, 41, 24, 15, 22, 246, 40, 220, 190, 148, 163, 143, 64, 180, 71, 129, 63, 217, 227, 253, 105, 136, 32, 135, 40, 19, 20, 2, 1, 188, 121, 110, 107, 98, 15, 114, 11, 236, 81, 152, 191, 46, 61, 169, 64, 24, 215, 99, 63, 217, 227, 3, 103, 162, 40, 28, 32, 1, 2, 19, 20, 47, 147, 14, 82, 87, 15, 105, 11, 72, 225, 250, 62, 127, 245, 143, 64, 180, 71, 129, 63, 0, 219, 255, 107, 136, 32, 135, 40, 19, 0, 2, 20, 42, 175, 23, 41, 123, 22, 65, 17, 174, 71, 225, 190, 107, 71, 176, 64, 244, 81, 184, 63, 0, 219, 255, 107, 162, 40, 28, 32, 2, 1, 19, 20, 90, 198, 114, 26, 118, 18, 187, 12, 246, 40, 220, 190, 148, 163, 143, 64, 180, 71, 129, 63, 0, 219, 0, 107, 136, 32, 28, 32, 19, 20, 2, 1, 188, 121, 110, 107, 98, 15, 114, 11, 215, 163, 240, 62, 86, 153, 176, 64, 244, 81, 184, 63, 0, 219, 255, 107, 162, 40, 135, 40, 2, 0, 19, 1, 76, 187, 56, 24, 35, 24, 85, 20, 205, 204, 140, 63, 46, 61, 153, 64, 85, 225, 58, 63, 40, 231, 255, 107, 136, 32, 135, 40, 0, 19, 2, 1, 10, 145, 165, 53, 212, 28, 122, 28, 215, 163, 240, 62, 86, 153, 176, 64, 244, 81, 184, 63, 40, 231, 255, 107, 162, 40, 28, 32, 2, 0, 19, 1, 76, 187, 56, 24, 35, 24, 85, 20, 72, 225, 250, 62, 127, 245, 143, 64, 180, 71, 129, 63, 40, 231, 255, 107, 136, 32, 28, 32, 19, 0, 2, 20, 42, 175, 23, 41, 123, 22, 65, 17, 31, 133, 139, 63, 86, 153, 176, 64, 192, 30, 133, 63, 40, 231, 255, 107, 162, 40, 135, 40, 0, 2, 1, 19, 11, 91, 249, 80, 158, 68, 91, 15, 246, 40, 220, 190, 148, 163, 143, 64, 180, 71, 129, 63, 213, 197, 0, 82, 162, 40, 135, 40, 19, 20, 2, 1, 188, 121, 110, 107, 98, 15, 114, 11, 61, 10, 151, 191, 138, 204, 147, 64, 91, 254, 73, 53, 213, 197, 0, 82, 136, 32, 28, 32, 1, 0, 25, 32, 56, 97, 14, 90, 92, 34, 92, 34, 61, 10, 215, 190, 240, 50, 130, 64, 167, 240, 49, 53, 213, 197, 0, 82, 136, 32, 135, 40, 25, 32, 0, 0, 204, 120, 204, 120, 101, 14, 0, 0, 61, 10, 151, 191, 117, 30, 156, 64, 95, 184, 30, 63, 213, 197, 0, 82, 162, 40, 28, 32, 1, 2, 19, 0, 18, 162, 180, 47, 41, 24, 15, 22, 72, 225, 250, 62, 220, 132, 130, 64, 157, 96, 50, 53, 0, 167, 0, 82, 136, 32, 135, 40, 0, 25, 32, 19, 188, 194, 72, 25, 72, 25, 177, 10, 246, 40, 220, 190, 148, 163, 143, 64, 180, 71, 129, 63, 0, 167, 0, 82, 162, 40, 28, 32, 19, 20, 2, 1, 188, 121, 110, 107, 98, 15, 114, 11, 61, 10, 215, 190, 240, 50, 130, 64, 167, 240, 49, 53, 0, 167, 0, 82, 136, 32, 28, 32, 25, 32, 0, 0, 204, 120, 204, 120, 101, 14, 0, 0, 72, 225, 250, 62, 127, 245, 143, 64, 180, 71, 129, 63, 0, 167, 0, 82, 162, 40, 135, 40, 19, 0, 2, 20, 42, 175, 23, 41, 123, 22, 65, 17, 205, 204, 140, 63, 168, 81, 143, 64, 240, 222, 67, 53, 40, 195, 0, 82, 136, 32, 135, 40, 0, 25, 32, 1, 114, 120, 72, 63, 72, 63, 251, 8, 72, 225, 250, 62, 127, 245, 143, 64, 180, 71, 129, 63, 40, 195, 0, 82, 162, 40, 28, 32, 19, 0, 2, 20, 42, 175, 23, 41, 123, 22, 65, 17, 72, 225, 250, 62, 220, 132, 130, 64, 157, 96, 50, 53, 40, 195, 0, 82, 136, 32, 28, 32, 0, 25, 32, 19, 188, 194, 72, 25, 72, 25, 177, 10, 205, 204, 140, 63, 46, 61, 153, 64, 85, 225, 58, 63, 40, 195, 0, 82, 162, 40, 135, 40, 0, 19, 2, 1, 10, 145, 165, 53, 212, 28, 122, 28, 205, 204, 140, 63, 46, 61, 153, 64, 59, 225, 58, 191, 91, 221, 78, 117, 132, 54, 128, 52, 0, 25, 32, 1, 145, 138, 169, 40, 169, 40, 26, 36, 205, 204, 140, 63, 46, 61, 153, 64, 85, 225, 58, 63, 91, 221, 78, 117, 20, 54, 16, 52, 0, 19, 2, 1, 10, 145, 165, 53, 212, 28, 122, 28, 205, 204, 140, 63, 168, 81, 143, 64, 240, 222, 67, 53, 91, 221, 96, 120, 20, 54, 128, 52, 0, 25, 32, 1, 114, 120, 72, 63, 72, 63, 251, 8, 174, 71, 193, 63, 66, 235, 176, 64, 142, 202, 113, 53, 91, 221, 72, 116, 132, 54, 16, 52, 0, 1, 2, 8, 95, 110, 228, 93, 221, 30, 221, 20, 61, 10, 151, 191, 138, 204, 147, 64, 91, 254, 73, 53, 189, 173, 0, 44, 162, 40, 28, 32, 1, 0, 25, 32, 56, 97, 14, 90, 92, 34, 92, 34, 246, 40, 220, 190, 148, 163, 143, 64, 168, 71, 129, 191, 189, 173, 0, 44, 136, 32, 135, 40, 25, 32, 26, 33, 101, 65, 101, 65, 153, 62, 153, 62, 61, 10, 215, 190, 240, 50, 130, 64, 167, 240, 49, 53, 189, 173, 0, 44, 162, 40, 135, 40, 25, 32, 0, 0, 204, 120, 204, 120, 101, 14, 0, 0, 61, 10, 151, 191, 115, 30, 156, 64, 69, 184, 30, 191, 189, 173, 0, 44, 136, 32, 28, 32, 1, 8, 25, 32, 214, 164, 53, 45, 249, 22, 249, 22, 246, 40, 220, 190, 148, 163, 143, 64, 168, 71, 129, 191, 37, 130, 0, 44, 136, 32, 28, 32, 25, 32, 26, 33, 101, 65, 101, 65, 153, 62, 153, 62, 72, 225, 250, 62, 220, 132, 130, 64, 157, 96, 50, 53, 37, 130, 0, 44, 162, 40, 135, 40, 0, 25, 32, 19, 188, 194, 72, 25, 72, 25, 177, 10, 61, 10, 215, 190, 240, 50, 130, 64, 167, 240, 49, 53, 37, 130, 0, 44, 162, 40, 28, 32, 25, 32, 0, 0, 204, 120, 204, 120, 101, 14, 0, 0, 72, 225, 250, 62, 125, 245, 143, 64, 168, 71, 129, 191, 37, 130, 0, 44, 136, 32, 135, 40, 25, 32, 26, 33, 220, 64, 220, 64, 34, 63, 34, 63, 72, 225, 250, 62, 125, 245, 143, 64, 168, 71, 129, 191, 65, 170, 0, 44, 136, 32, 28, 32, 25, 32, 26, 33, 220, 64, 220, 64, 34, 63, 34, 63, 205, 204, 140, 63, 168, 81, 143, 64, 240, 222, 67, 53, 65, 170, 0, 44, 162, 40, 135, 40, 0, 25, 32, 1, 114, 120, 72, 63, 72, 63, 251, 8, 72, 225, 250, 62, 220, 132, 130, 64, 157, 96, 50, 53, 65, 170, 0, 44, 162, 40, 28, 32, 0, 25, 32, 19, 188, 194, 72, 25, 72, 25, 177, 10, 205, 204, 140, 63, 46, 61, 153, 64, 59, 225, 58, 191, 65, 170, 0, 44, 136, 32, 135, 40, 0, 25, 32, 1, 145, 138, 169, 40, 169, 40, 26, 36, 61, 10, 151, 191, 115, 30, 156, 64, 69, 184, 30, 191, 159, 169, 0, 21, 162, 40, 28, 32, 1, 8, 25, 32, 214, 164, 53, 45, 249, 22, 249, 22, 174, 71, 225, 190, 107, 71, 176, 64, 228, 81, 184, 191, 159, 169, 1, 21, 136, 32, 135, 40, 8, 1, 25, 32, 174, 214, 28, 24, 153, 8, 153, 8, 246, 40, 220, 190, 148, 163, 143, 64, 168, 71, 129, 191, 159, 169, 3, 21, 162, 40, 135, 40, 25, 32, 26, 33, 101, 65, 101, 65, 153, 62, 153, 62, 236, 81, 152, 191, 46, 61, 169, 64, 252, 214, 99, 191, 159, 169, 253, 23, 136, 32, 28, 32, 1, 8, 2, 9, 112, 133, 46, 99, 0, 12, 96, 11, 174, 71, 225, 190, 107, 71, 176, 64, 228, 81, 184, 191, 89, 130, 1, 19, 136, 32, 28, 32, 8, 1, 25, 32, 174, 214, 28, 24, 153, 8, 153, 8, 72, 225, 250, 62, 125, 245, 143, 64, 168, 71, 129, 191, 89, 130, 1, 19, 162, 40, 135, 40, 25, 32, 26, 33, 220, 64, 220, 64, 34, 63, 34, 63, 246, 40, 220, 190, 148, 163, 143, 64, 168, 71, 129, 191, 89, 130, 0, 19, 162, 40, 28, 32, 25, 32, 26, 33, 101, 65, 101, 65, 153, 62, 153, 62, 215, 163, 240, 62, 84, 153, 176, 64, 228, 81, 184, 191, 89, 130, 1, 19, 136, 32, 135, 40, 8, 1, 25, 32, 231, 201, 51, 29, 114, 12, 114, 12, 215, 163, 240, 62, 84, 153, 176, 64, 228, 81, 184, 191, 101, 170, 1, 19, 136, 32, 28, 32, 8, 1, 25, 32, 231, 201, 51, 29, 114, 12, 114, 12, 205, 204, 140, 63, 46, 61, 153, 64, 59, 225, 58, 191, 101, 170, 1, 19, 162, 40, 135, 40, 0, 25, 32, 1, 145, 138, 169, 40, 169, 40, 26, 36, 72, 225, 250, 62, 125, 245, 143, 64, 168, 71, 129, 191, 101, 170, 1, 19, 162, 40, 28, 32, 25, 32, 26, 33, 220, 64, 220, 64, 34, 63, 34, 63, 31, 133, 139, 63, 86, 153, 176, 64, 176, 30, 133, 191, 101, 170, 1, 19, 136, 32, 135, 40, 8, 1, 0, 2, 115, 98, 53, 98, 59, 45, 27, 14, 31, 133, 139, 63, 86, 153, 176, 64, 176, 30, 133, 191, 125, 37, 16, 96, 20, 54, 128, 52, 8, 1, 0, 2, 115, 98, 53, 98, 59, 45, 27, 14, 174, 71, 193, 63, 66, 235, 176, 64, 142, 202, 113, 53, 125, 37, 16, 96, 132, 54, 16, 52, 0, 1, 2, 8, 95, 110, 228, 93, 221, 30, 221, 20, 205, 204, 140, 63, 46, 61, 153, 64, 59, 225, 58, 191, 125, 37, 21, 89, 20, 54, 16, 52, 0, 25, 32, 1, 145, 138, 169, 40, 169, 40, 26, 36, 113, 61, 138, 63, 127, 245, 199, 64, 55, 225, 58, 191, 125, 37, 11, 105, 132, 54, 128, 52, 8, 2, 1, 0, 153, 162, 164, 38, 116, 32, 76, 22 ),
"array_index_data": PoolByteArray( 0, 0, 2, 0, 1, 0, 3, 0, 5, 0, 4, 0, 6, 0, 8, 0, 7, 0, 9, 0, 11, 0, 10, 0, 12, 0, 14, 0, 13, 0, 15, 0, 17, 0, 16, 0, 18, 0, 20, 0, 19, 0, 21, 0, 23, 0, 22, 0, 24, 0, 26, 0, 25, 0, 27, 0, 29, 0, 28, 0, 30, 0, 32, 0, 31, 0, 33, 0, 35, 0, 34, 0, 36, 0, 38, 0, 37, 0, 36, 0, 37, 0, 39, 0, 40, 0, 42, 0, 41, 0, 40, 0, 41, 0, 43, 0, 44, 0, 46, 0, 45, 0, 47, 0, 44, 0, 45, 0, 48, 0, 50, 0, 49, 0, 48, 0, 49, 0, 51, 0, 52, 0, 54, 0, 53, 0, 55, 0, 52, 0, 53, 0, 56, 0, 58, 0, 57, 0, 59, 0, 56, 0, 57, 0, 60, 0, 62, 0, 61, 0, 63, 0, 60, 0, 61, 0, 64, 0, 66, 0, 65, 0, 64, 0, 65, 0, 67, 0, 68, 0, 70, 0, 69, 0, 71, 0, 68, 0, 69, 0, 72, 0, 74, 0, 73, 0, 75, 0, 72, 0, 73, 0, 76, 0, 78, 0, 77, 0, 76, 0, 77, 0, 79, 0, 80, 0, 82, 0, 81, 0, 80, 0, 81, 0, 83, 0, 84, 0, 86, 0, 85, 0, 84, 0, 85, 0, 87, 0, 88, 0, 90, 0, 89, 0, 91, 0, 88, 0, 89, 0, 92, 0, 94, 0, 93, 0, 95, 0, 92, 0, 93, 0, 96, 0, 98, 0, 97, 0, 99, 0, 96, 0, 97, 0, 100, 0, 102, 0, 101, 0, 103, 0, 100, 0, 101, 0, 104, 0, 106, 0, 105, 0, 107, 0, 104, 0, 105, 0, 108, 0, 110, 0, 109, 0, 111, 0, 108, 0, 109, 0, 112, 0, 114, 0, 113, 0, 112, 0, 113, 0, 115, 0, 116, 0, 118, 0, 117, 0, 116, 0, 117, 0, 119, 0, 120, 0, 122, 0, 121, 0, 120, 0, 121, 0, 123, 0, 124, 0, 126, 0, 125, 0, 127, 0, 124, 0, 125, 0, 128, 0, 130, 0, 129, 0, 128, 0, 129, 0, 131, 0, 132, 0, 134, 0, 133, 0, 132, 0, 133, 0, 135, 0, 136, 0, 138, 0, 137, 0, 139, 0, 136, 0, 137, 0 ),
"blend_shape_data": [  ],
"format": 6389207,
"index_count": 192,
"material": ExtResource( 2 ),
"primitive": 4,
"skeleton_aabb": [ AABB( -1.47, 4.06872, -1.04, 2.98, 2.48, 2.48 ), AABB( -2.65, 4.47872, -1.44, 4.16, 2.05, 2.88 ), AABB( -2.65, 4.48872, -1.13, 4.16, 2.46, 2.57 ), AABB( 0, 0, 0, -1, -1, -1 ), AABB( 0, 0, 0, -1, -1, -1 ), AABB( 0, 0, 0, -1, -1, -1 ), AABB( 0, 0, 0, -1, -1, -1 ), AABB( 0, 0, 0, -1, -1, -1 ), AABB( -2.65, 4.87872, -1.44, 4.16, 2.07, 2.57 ), AABB( -2.65, 5.28872, -1.13, 1.46, 0.0100088, 0.24 ), AABB( 0, 0, 0, -1, -1, -1 ), AABB( 0, 0, 0, -1, -1, -1 ), AABB( 0, 0, 0, -1, -1, -1 ), AABB( 0, 0, 0, -1, -1, -1 ), AABB( -1.2, 6.24872, -1.01, 2.28, 0.7, 2.02 ), AABB( 0, 0, 0, -1, -1, -1 ), AABB( 0, 0, 0, -1, -1, -1 ), AABB( 0, 0, 0, -1, -1, -1 ), AABB( 0, 0, 0, -1, -1, -1 ), AABB( -2.65, 4.07872, 6.64508e-07, 3.75, 1.44, 1.44 ), AABB( -1.19, 4.48872, 0.890001, 1.68, 1.02, 0.55 ), AABB( 0, 0, 0, -1, -1, -1 ), AABB( 0, 0, 0, -1, -1, -1 ), AABB( 0, 0, 0, -1, -1, -1 ), AABB( 0, 0, 0, -1, -1, -1 ), AABB( -1.18, 4.06872, -1.44, 2.28, 1.45, 1.44 ), AABB( -0.43, 4.48872, -1.01, 0.92, 0.0099988, 1.00136e-05 ), AABB( 0, 0, 0, -1, -1, -1 ), AABB( 0, 0, 0, -1, -1, -1 ), AABB( 0, 0, 0, -1, -1, -1 ), AABB( 0, 0, 0, -1, -1, -1 ), AABB( 0, 0, 0, -1, -1, -1 ), AABB( -1.18, 4.06872, -1.44, 2.28, 1.45, 1.44 ), AABB( -0.43, 4.48872, -1.01, 0.92, 0.0099988, 1.00136e-05 ) ],
"vertex_count": 140
}

[sub_resource type="Skin" id=27]
resource_name = "Skin"
bind_count = 39
bind/0/name = "Bone"
bind/0/bone = -1
bind/0/pose = Transform( 1, 0, 0, 0, 1, 0, 0, 0, 1, 0, -4.5, 0 )
bind/1/name = "Bone.001"
bind/1/bone = -1
bind/1/pose = Transform( 0.176409, -0.132959, -0.975296, -0.10145, 0.983102, -0.152374, 0.979075, 0.125824, 0.159939, 0.731276, -5.40706, -0.692032 )
bind/2/name = "Bone.002"
bind/2/bone = -1
bind/2/pose = Transform( -0.996625, 0.00215034, 0.0820626, 0.0819684, -0.0284894, 0.996228, 0.00448017, 0.999592, 0.0282169, -0.0761701, 0.290121, -6.19138 )
bind/3/name = "Bone.003"
bind/3/bone = -1
bind/3/pose = Transform( -0.994065, 1.06706e-05, 0.10879, 0.108593, -0.0601434, 0.992265, 0.00655364, 0.99819, 0.0597852, -0.0863845, -0.498341, -6.21038 )
bind/4/name = "Bone.004"
bind/4/bone = -1
bind/4/pose = Transform( -0.993624, -4.67897e-06, 0.112747, 0.112258, -0.0931388, 0.989304, 0.0104966, 0.995653, 0.0925454, -0.0924952, -0.980755, -6.24623 )
bind/5/name = "Bone.005"
bind/5/bone = -1
bind/5/pose = Transform( -0.993926, 1.09896e-05, 0.110055, 0.109779, -0.0707099, 0.991438, 0.00779291, 0.997497, 0.0702792, -0.086434, -1.83824, -6.20646 )
bind/6/name = "Bone.006"
bind/6/bone = -1
bind/6/pose = Transform( -0.995195, -5.07827e-06, 0.0979131, 0.0978654, 0.0311577, 0.994712, -0.00305577, 0.999515, -0.0310075, -0.0494003, -3.2117, -5.91039 )
bind/7/name = "Bone.007"
bind/7/bone = -1
bind/7/pose = Transform( -0.995637, 3.49898e-06, 0.0933095, 0.0930831, 0.0696643, 0.993218, -0.00649684, 0.997571, -0.0693607, -0.0318617, -4.21455, -5.75219 )
bind/8/name = "Bone.008"
bind/8/bone = -1
bind/8/pose = Transform( 0.990774, -0.00112607, -0.135522, -0.13542, 0.0315158, -0.990287, 0.00538631, 0.999503, 0.0310726, 0.0636238, -0.312081, -6.19046 )
bind/9/name = "Bone.009"
bind/9/bone = -1
bind/9/pose = Transform( 0.963785, -0.00222866, 0.266672, 0.265914, 0.0838453, -0.960344, -0.0202188, 0.996476, 0.0814014, 0.408859, -1.29454, -6.13315 )
bind/10/name = "Bone.010"
bind/10/bone = -1
bind/10/pose = Transform( 0.999971, 0.0066094, -0.00366691, -0.00308015, -0.0866953, -0.99623, -0.00690229, 0.996213, -0.0866724, -0.0159725, -0.822374, -6.36147 )
bind/11/name = "Bone.011"
bind/11/bone = -1
bind/11/pose = Transform( 0.9999, 0.00133991, -0.0140478, -0.0140011, -0.0301008, -0.999449, -0.00176193, 0.999546, -0.030079, -0.00685095, -2.07544, -6.25389 )
bind/12/name = "Bone.012"
bind/12/bone = -1
bind/12/pose = Transform( 0.999347, -0.00745398, -0.0353486, -0.0346617, 0.0779122, -0.996358, 0.010181, 0.996933, 0.077603, -0.0202056, -3.63948, -5.89595 )
bind/13/name = "Bone.013"
bind/13/bone = -1
bind/13/pose = Transform( 0.999537, -0.00545701, -0.0299231, -0.0296039, 0.0513544, -0.998242, 0.00698418, 0.998666, 0.0511691, -0.0125585, -4.00389, -6.00444 )
bind/14/name = "Bone.014"
bind/14/bone = -1
bind/14/pose = Transform( 0.982737, 0.0657, -0.172949, -0.0694219, 0.997466, -0.0155535, 0.171489, 0.0272914, 0.984808, -0.355139, -6.18826, -0.050361 )
bind/15/name = "Bone.015"
bind/15/bone = -1
bind/15/pose = Transform( 0.990664, -0.00659662, 0.136167, 0.0131065, 0.99881, -0.0469668, -0.135696, 0.048313, 0.989572, 0.212451, -7.29427, -0.24886 )
bind/16/name = "Bone.016"
bind/16/bone = -1
bind/16/pose = Transform( 0.930506, -0.0559892, 0.361972, 0.0891795, 0.99314, -0.0756327, -0.355255, 0.102657, 0.929116, 0.679546, -8.6769, -0.763643 )
bind/17/name = "Bone.017"
bind/17/bone = -1
bind/17/pose = Transform( -0.0976793, 0.0586241, 0.99349, 0.991674, -0.078436, 0.102129, 0.0839126, 0.995194, -0.0504744, -0.317979, 0.732695, -7.25779 )
bind/18/name = "Bone.018"
bind/18/bone = -1
bind/18/pose = Transform( 0.282308, -0.189749, 0.940371, 0.847265, 0.509066, -0.151637, -0.449938, 0.839551, 0.304481, 0.539573, -5.62686, -4.91988 )
bind/19/name = "Bone.019"
bind/19/bone = -1
bind/19/pose = Transform( -0.999998, 1.40048e-07, 0.00176646, 0.00170124, -0.269153, 0.963096, 0.0004756, 0.963098, 0.269153, -6.30273e-07, 1.21119, -4.33394 )
bind/20/name = "Bone.020"
bind/20/bone = -1
bind/20/pose = Transform( -0.985348, -5.58794e-08, 0.170555, 0.0596018, -0.936953, 0.344337, 0.159802, 0.349458, 0.923225, -0.0987221, 3.86173, -2.05551 )
bind/21/name = "Bone.021"
bind/21/bone = -1
bind/21/pose = Transform( -0.729987, -1.86265e-08, 0.683462, 0.0685111, -0.994964, 0.0731741, 0.680019, 0.100241, 0.72631, -0.503915, 3.74567, -0.967799 )
bind/22/name = "Bone.022"
bind/22/bone = -1
bind/22/pose = Transform( -0.857555, 2.98024e-08, 0.514392, 0.0675529, -0.99134, 0.112619, 0.509937, 0.131326, 0.850129, -0.350855, 2.84769, -1.14804 )
bind/23/name = "Bone.023"
bind/23/bone = -1
bind/23/pose = Transform( 0.0852886, -0.00514026, -0.996343, -0.520866, -0.852693, -0.0401885, -0.849367, 0.52239, -0.0754018, 0.874362, 2.34518, -1.21496 )
bind/24/name = "Bone.024"
bind/24/bone = -1
bind/24/pose = Transform( -0.21024, 0.132241, 0.968665, 0.968338, -0.108261, 0.224949, 0.134616, 0.985289, -0.105292, -1.0727, 0.961224, -0.407556 )
bind/25/name = "Bone.025"
bind/25/bone = -1
bind/25/pose = Transform( 0.998436, 9.22009e-08, -0.0559156, -0.0552271, -0.156439, -0.986142, -0.00874746, 0.987688, -0.156194, -4.13507e-07, 0.703975, -4.44459 )
bind/26/name = "Bone.027"
bind/26/bone = -1
bind/26/pose = Transform( 0.366048, -0.157468, 0.917176, 0.0258902, -0.983475, -0.179184, 0.930236, 0.0893359, -0.355923, 1.27866, 4.21718, -0.582924 )
bind/27/name = "Bone.029"
bind/27/bone = -1
bind/27/pose = Transform( 0.496752, -0.122265, 0.859237, 0.199199, -0.947535, -0.249993, 0.844723, 0.295344, -0.446335, 1.10276, 3.51952, -1.4527 )
bind/28/name = "Bone.031"
bind/28/bone = -1
bind/28/pose = Transform( 0.427669, 9.68576e-08, -0.903935, -0.15009, -0.986119, -0.0710108, -0.891388, 0.166041, -0.421733, -0.778051, 3.37537, -0.865446 )
bind/29/name = "Bone.033"
bind/29/bone = -1
bind/29/pose = Transform( 0.470717, -7.45058e-09, -0.882285, -0.233029, -0.96449, -0.124326, -0.850955, 0.26412, -0.454001, -0.758208, 2.66139, -1.17484 )
bind/30/name = "Bone.035"
bind/30/bone = -1
bind/30/pose = Transform( 0.383664, -0.204086, -0.900639, -0.525386, -0.850295, -0.0311317, -0.759455, 0.485127, -0.433451, -0.402607, 1.48596, -1.55995 )
bind/31/name = "Bone.037"
bind/31/bone = -1
bind/31/pose = Transform( -0.000291921, -0.526888, 0.849935, 0.961096, -0.234913, -0.145296, 0.276215, 0.816827, 0.506458, 1.37743, 0.898315, -0.0231577 )
bind/32/name = "Bone.026"
bind/32/bone = -1
bind/32/pose = Transform( 0.998436, 9.22009e-08, -0.0559156, -0.0552271, -0.156439, -0.986142, -0.00874746, 0.987688, -0.156194, -4.13507e-07, 0.703975, -4.44459 )
bind/33/name = "Bone.028"
bind/33/bone = -1
bind/33/pose = Transform( 0.366048, -0.157468, 0.917176, 0.0258902, -0.983475, -0.179184, 0.930236, 0.0893359, -0.355923, 1.27866, 4.21718, -0.582924 )
bind/34/name = "Bone.030"
bind/34/bone = -1
bind/34/pose = Transform( 0.496752, -0.122265, 0.859237, 0.199199, -0.947535, -0.249993, 0.844723, 0.295344, -0.446335, 1.10276, 3.51952, -1.4527 )
bind/35/name = "Bone.032"
bind/35/bone = -1
bind/35/pose = Transform( 0.427669, 9.68576e-08, -0.903935, -0.15009, -0.986119, -0.0710108, -0.891388, 0.166041, -0.421733, -0.778051, 3.37537, -0.865446 )
bind/36/name = "Bone.034"
bind/36/bone = -1
bind/36/pose = Transform( 0.470717, -7.45058e-09, -0.882285, -0.233029, -0.96449, -0.124326, -0.850955, 0.26412, -0.454001, -0.758208, 2.66139, -1.17484 )
bind/37/name = "Bone.036"
bind/37/bone = -1
bind/37/pose = Transform( 0.383664, -0.204086, -0.900639, -0.525386, -0.850295, -0.0311317, -0.759455, 0.485127, -0.433451, -0.402607, 1.48596, -1.55995 )
bind/38/name = "Bone.038"
bind/38/bone = -1
bind/38/pose = Transform( -0.000291921, -0.526888, 0.849935, 0.961096, -0.234913, -0.145296, 0.276215, 0.816827, 0.506458, 1.37743, 0.898315, -0.0231577 )

[sub_resource type="ArrayMesh" id=28]
resource_name = "Sonic_Grp1"
surfaces/0 = {
"aabb": AABB( -5.5, 6.12643, -3.42, 9.11, 6.37, 6.84 ),
